1101 1102 0 1 1345.0 1345.0 1345.0
1101 1111 0 2 1345.0 1345.0 1345.0
1101 1201 0 3 824.1999877929687 820.9999389648438 828.0
1102 1103 1 4 1345.0 1345.0 1345.0
1102 1202 1 5 1225.5 1223.0 1228.0
1103 1104 4 6 1345.0 1345.0 1345.0
1103 1203 4 7 1360.3999999999999 1360.0 1361.0
1104 1105 6 8 1345.0 1345.0 1345.0
1104 1204 6 9 1148.0 1145.0 1151.0
1105 1106 8 10 1345.0 1345.0 1345.0
1106 1107 10 12 1345.0 1345.0 1345.0
1107 1108 12 14 1345.0 1345.0 1345.0
1107 1207 12 15 1043.6999999999998 1040.0 1047.0
1108 1109 14 16 1345.0 1345.0 1345.0
1108 1208 14 17 1336.1999999999998 1335.0 1337.0
1109 1110 16 18 1345.0 1345.0 1345.0
1109 1209 16 19 1294.8 1293.0 1297.0
1110 1111 18 2 1345.0 1345.0 1345.0
1110 1210 18 20 943.0 939.0 947.0
1201 1202 3 5 1345.0 1345.0 1345.0
1201 1211 3 21 1345.0 1345.0 1345.0
1201 1301 3 22 938.6999938964843 935.9999389648438 942.0
1202 1203 5 7 1345.0 1345.0 1345.0
1202 1302 5 23 1305.4 1303.0 1308.0
1203 1204 7 9 1345.0 1345.0 1345.0
1203 1303 7 24 1432.8 1432.0 1433.0
1204 1205 9 11 1345.0 1345.0 1345.0
1204 1304 9 25 1232.8 1230.0 1236.0
1205 1206 11 13 1345.0 1345.0 1345.0
1206 1207 13 15 1345.0 1345.0 1345.0
1207 1208 15 17 1345.0 1345.0 1345.0
1207 1307 15 28 1136.3 1133.0 1139.0
1208 1209 17 19 1345.0 1345.0 1345.0
1208 1308 17 29 1409.8000000000002 1409.0 1411.0
1209 1210 19 20 1345.0 1345.0 1345.0
1209 1309 19 30 1370.5 1369.0 1372.0
1210 1211 20 21 1345.0 1345.0 1345.0
1210 1310 20 31 1044.5 1041.0 1048.0
1301 1302 22 23 1345.0 1345.0 1345.0
1301 1311 22 32 1345.0 1345.0 1345.0
1301 1401 22 33 824.1999877929687 820.9999389648438 828.0
1302 1303 23 24 1345.0 1345.0 1345.0
1302 1402 23 34 1225.5 1223.0 1228.0
1303 1304 24 25 1345.0 1345.0 1345.0
1303 1403 24 35 1360.3999999999999 1360.0 1361.0
1304 1305 25 26 1345.0 1345.0 1345.0
1304 1404 25 36 1148.0 1145.0 1151.0
1305 1306 26 27 1345.0 1345.0 1345.0
1306 1307 27 28 1345.0 1345.0 1345.0
1307 1308 28 29 1345.0 1345.0 1345.0
1307 1407 28 39 1043.6999999999998 1040.0 1047.0
1308 1309 29 30 1345.0 1345.0 1345.0
1308 1408 29 40 1336.1999999999998 1335.0 1337.0
1309 1310 30 31 1345.0 1345.0 1345.0
1309 1409 30 41 1294.8 1293.0 1297.0
1310 1311 31 32 1345.0 1345.0 1345.0
1310 1410 31 42 943.0 939.0 947.0
1401 1402 33 34 1345.0 1345.0 1345.0
1401 1411 33 43 1345.0 1345.0 1345.0
1401 1501 33 44 938.6999938964843 935.9999389648438 942.0
1402 1403 34 35 1345.0 1345.0 1345.0
1402 1502 34 45 1305.4 1303.0 1308.0
1403 1404 35 36 1345.0 1345.0 1345.0
1403 1503 35 46 1432.7 1432.0 1433.0
1404 1405 36 37 1345.0 1345.0 1345.0
1404 1504 36 47 1232.8 1230.0 1236.0
1405 1406 37 38 1345.0 1345.0 1345.0
1406 1407 38 39 1345.0 1345.0 1345.0
1407 1408 39 40 1345.0 1345.0 1345.0
1407 1507 39 50 1136.3 1133.0 1139.0
1408 1409 40 41 1345.0 1345.0 1345.0
1408 1508 40 51 1409.8000000000002 1409.0 1411.0
1409 1410 41 42 1345.0 1345.0 1345.0
1409 1509 41 52 1370.5 1369.0 1372.0
1410 1411 42 43 1345.0 1345.0 1345.0
1410 1510 42 53 1044.5 1041.0 1048.0
1501 1502 44 45 1345.0 1345.0 1345.0
1501 1511 44 54 1345.0 1345.0 1345.0
1501 1601 44 55 824.1999877929687 820.9999389648438 828.0
1502 1503 45 46 1345.0 1345.0 1345.0
1502 1602 45 56 1225.5 1223.0 1228.0
1503 1504 46 47 1345.0 1345.0 1345.0
1503 1603 46 57 1360.3999999999999 1360.0 1361.0
1504 1505 47 48 1345.0 1345.0 1345.0
1504 1604 47 58 1148.0 1145.0 1151.0
1505 1506 48 49 1345.0 1345.0 1345.0
1506 1507 49 50 1345.0 1345.0 1345.0
1507 1508 50 51 1345.0 1345.0 1345.0
1507 1607 50 61 1043.6999999999998 1040.0 1047.0
1508 1509 51 52 1345.0 1345.0 1345.0
1508 1608 51 62 1336.1999999999998 1335.0 1337.0
1509 1510 52 53 1345.0 1345.0 1345.0
1509 1609 52 63 1294.8 1293.0 1297.0
1510 1511 53 54 1345.0 1345.0 1345.0
1510 1610 53 64 943.0 939.0 947.0
1601 1602 55 56 1345.0 1345.0 1345.0
1601 1611 55 65 1345.0 1345.0 1345.0
1602 1603 56 57 1345.0 1345.0 1345.0
1603 1604 57 58 1345.0 1345.0 1345.0
1604 1605 58 59 1345.0 1345.0 1345.0
1605 1606 59 60 1345.0 1345.0 1345.0
1606 1607 60 61 1345.0 1345.0 1345.0
1607 1608 61 62 1345.0 1345.0 1345.0
1608 1609 62 63 1345.0 1345.0 1345.0
1609 1610 63 64 1345.0 1345.0 1345.0
1610 1611 64 65 1345.0 1345.0 1345.0
